tree
version=v4
num_class=1
num_tree_per_iteration=1
label_index=0
max_feature_idx=12
objective=binary sigmoid:1
feature_names=age sex cp trtbps chol fbs restecg thalachh exng oldpeak slp caa thall
feature_infos=[34:77] [0:1] [0:3] [94:192] [126:564] [0:1] [0:2] [71:195] [0:1] [0:5.5999999999999996] [0:2] [0:4] [0:3]
tree_sizes=851 847 850 957 752 852 853 850 849 855 955 854 852 856 858 756 855 854 852 756 849 757 858 856 751 849 953 955 950 854 962 958 856 859 850 852 960 851 961 758

Tree=0
num_leaves=7
num_cat=0
split_feature=12 8 2 0 9 3
split_gain=53.1299 13.9503 13.2342 5.76383 0.894252 0.490602
threshold=2.5000000000000004 1.0000000180025095e-35 1.0000000180025095e-35 56.500000000000007 1.4500000000000002 123.50000000000001
decision_type=2 2 2 2 2 2
left_child=1 3 4 5 -2 -1
right_child=2 -3 -4 -5 -6 -7
leaf_value=0.33087288659074793 0.022699805277386492 0.13276162003215844 0.17822193482217297 0.25125159177265627 -0.032331102099999565 0.37122888533416448
leaf_weight=4.9558925628662163 5.4514818191528338 5.4514818191528311 5.6992764472961417 9.1684012413024885 6.4426603317260742 7.681633472442627
leaf_count=20 22 22 23 37 26 31
internal_value=0.188401 0.275842 0.0529281 0.311612 -0.0071086 0.355403
internal_weight=0 27.2574 17.5934 21.8059 11.8941 12.6375
internal_count=181 110 71 88 48 51
is_linear=0
shrinkage=1


Tree=1
num_leaves=7
num_cat=0
split_feature=2 12 12 0 0 3
split_gain=43.7726 13.3179 7.80335 5.77518 0.872892 0.00171051
threshold=1.0000000180025095e-35 2.5000000000000004 2.5000000000000004 55.500000000000007 57.500000000000007 128.50000000000003
decision_type=2 2 2 2 2 2
left_child=1 -1 3 5 -3 -2
right_child=2 4 -4 -5 -6 -7
leaf_value=-0.012660452908602397 0.1732540976204503 -0.19913611837491213 -0.0091518090311281924 0.057020343845731486 -0.14500136042980752 0.17072397909304687
leaf_weight=8.8581571877002716 5.3588382601738029 6.4986658841371536 5.7045811712741843 7.3895795196294776 5.4989271908998489 5.329420417547226
leaf_count=36 22 26 23 30 22 22
internal_value=0 -0.10566 0.0928185 0.124996 -0.174324 0.171993
internal_weight=0 20.8558 23.7824 18.0778 11.9976 10.6883
internal_count=181 84 97 74 48 44
is_linear=0
shrinkage=0.1


Tree=2
num_leaves=7
num_cat=0
split_feature=2 8 10 0 0 9
split_gain=35.9008 12.1805 6.6786 3.54085 1.53129 0.650185
threshold=1.0000000180025095e-35 1.0000000180025095e-35 1.5000000000000002 55.500000000000007 53.500000000000007 1.4500000000000002
decision_type=2 2 2 2 2 2
left_child=1 -1 3 -2 -4 -3
right_child=2 5 4 -5 -6 -7
leaf_value=-0.010962891547866428 0.085114682847906964 -0.13773626050092674 0.16318566653138739 -0.034322623392259839 0.095516275019909933 -0.18587394311139857
leaf_weight=9.3582199811935425 4.7783249765634537 4.9756297767162323 7.077318862080574 5.1653218567371368 6.3394328504800797 6.4342967569828033
leaf_count=38 20 20 30 21 26 26
internal_value=0 -0.0955254 0.0851807 0.0230718 0.131212 -0.164882
internal_weight=0 20.7681 23.3604 9.94365 13.4168 11.4099
internal_count=181 84 97 41 56 46
is_linear=0
shrinkage=0.1


Tree=3
num_leaves=8
num_cat=0
split_feature=12 8 2 11 0 6 9
split_gain=31.8667 9.5916 6.9565 5.03847 1.38626 0.7141 0.00378347
threshold=2.5000000000000004 1.0000000180025095e-35 1.0000000180025095e-35 1.0000000180025095e-35 55.500000000000007 1.0000000180025095e-35 1.0000000180025095e-35
decision_type=2 2 2 2 2 2 2
left_child=1 3 5 4 6 -2 -1
right_child=2 -3 -4 -5 -6 -7 -8
leaf_value=0.15468307319279107 -0.17356841048578256 -0.04827830330659915 -0.013882351019634774 0.027539867892299674 0.090900000644860812 -0.12416296232655979 0.15869925218078049
leaf_weight=4.7656465172767692 5.8430594056844729 5.4305255860090247 5.6710356771945944 6.4257889837026587 4.8687633424997321 5.8592142313718796 4.6192611753940582
leaf_count=21 24 22 23 27 20 24 20
internal_value=0 0.0699961 -0.104781 0.101056 0.134198 -0.148832 0.15666
internal_weight=0 26.11 17.3733 20.6795 14.2537 11.7023 9.38491
internal_count=181 110 71 88 61 48 41
is_linear=0
shrinkage=0.1


Tree=4
num_leaves=6
num_cat=0
split_feature=12 11 2 7 0
split_gain=26.4133 8.27815 5.96207 3.17431 0.746422
threshold=2.5000000000000004 1.0000000180025095e-35 1.0000000180025095e-35 160.50000000000003 57.500000000000007
decision_type=2 2 2 2 2
left_child=1 3 4 -1 -2
right_child=2 -3 -4 -5 -6
leaf_value=0.065264886899704458 -0.16168444337796969 -0.01192692694513491 -0.01247430189094504 0.15327451893589539 -0.11032655535291087
leaf_weight=8.6640493720769935 6.1144259274005908 9.1136602312326414 5.6795649677515021 7.7765054106712332 5.2680835425853729
leaf_count=37 26 38 23 35 22
internal_value=0 0.0645177 -0.0961586 0.106894 -0.137915
internal_weight=0 25.5542 17.0621 16.4406 11.3825
internal_count=181 110 71 72 48
is_linear=0
shrinkage=0.1


Tree=5
num_leaves=7
num_cat=0
split_feature=2 11 10 0 0 6
split_gain=23.0629 9.55242 5.5655 2.50005 1.33846 0.575324
threshold=1.0000000180025095e-35 1.0000000180025095e-35 1.5000000000000002 55.500000000000007 53.500000000000007 1.0000000180025095e-35
decision_type=2 2 2 2 2 2
left_child=1 -1 3 -2 -4 -3
right_child=2 5 4 -5 -6 -7
leaf_value=0.0021594236240007878 0.068140034520459525 -0.1601353711280678 0.14679766286218446 -0.03416718114428427 0.081138757312792228 -0.11490498624148429
leaf_weight=8.4184001386165637 4.4572785645723343 5.9119635969400388 6.3468929678201675 5.1464101374149323 6.0777242481708527 5.3636537790298462
leaf_count=36 20 25 30 21 26 23
internal_value=0 -0.0784424 0.0704879 0.0133158 0.114679 -0.13862
internal_weight=0 19.694 22.0283 9.60369 12.4246 11.2756
internal_count=181 84 97 41 56 48
is_linear=0
shrinkage=0.1


Tree=6
num_leaves=7
num_cat=0
split_feature=12 8 9 1 0 7
split_gain=20.1671 7.34113 5.04558 3.53104 6.13758 1.05411
threshold=2.5000000000000004 1.0000000180025095e-35 0.8500000000000002 1.0000000180025095e-35 51.500000000000007 137.50000000000003
decision_type=2 2 2 2 2 2
left_child=1 3 -2 -1 -5 -4
right_child=2 -3 5 4 -6 -7
leaf_value=0.13371649615448603 -0.012226340721691709 -0.045915137642043836 -0.15652913169300151 0.1236331495752569 -0.029124975561424755 -0.092481858197258252
leaf_weight=8.6565920710563695 5.9129072725772884 5.3654166460037223 5.7536211162805539 5.2765983641147614 5.2442920058965683 4.6437494903802872
leaf_count=39 25 22 26 26 23 20
internal_value=0 0.0574829 -0.0859805 0.0864113 0.0474886 -0.127924
internal_weight=0 24.5429 16.3103 19.1775 10.5209 10.3974
internal_count=181 110 71 88 49 46
is_linear=0
shrinkage=0.1


Tree=7
num_leaves=7
num_cat=0
split_feature=2 11 10 0 0 4
split_gain=17.7151 7.60012 4.40813 1.92337 1.31806 0.57352
threshold=1.0000000180025095e-35 1.0000000180025095e-35 1.5000000000000002 55.500000000000007 53.500000000000007 262.00000000000006
decision_type=2 2 2 2 2 2
left_child=1 -1 3 -2 -4 -3
right_child=2 5 4 -5 -6 -7
leaf_value=0.0022225285592826459 0.062028886878003758 -0.14614459953752693 0.13856404375928136 -0.028665088259276824 0.071154550787651136 -0.099322461043061305
leaf_weight=8.1965658515691775 4.2855780273675919 6.039081543684004 5.7554882317781448 5.146270290017128 5.8478208482265472 4.6153643429279327
leaf_count=36 20 27 30 21 26 21
internal_value=0 -0.0701698 0.0633185 0.0125438 0.104591 -0.125862
internal_weight=0 18.851 21.0352 9.43185 11.6033 10.6544
internal_count=181 84 97 41 56 48
is_linear=0
shrinkage=0.1


Tree=8
num_leaves=7
num_cat=0
split_feature=12 0 1 9 3 7
split_gain=15.4978 6.03731 7.52246 4.10312 1.40037 1.02137
threshold=2.5000000000000004 54.500000000000007 1.0000000180025095e-35 0.8500000000000002 128.50000000000003 137.50000000000003
decision_type=2 2 2 2 2 2
left_child=1 4 -3 -2 -1 -5
right_child=3 2 -4 5 -6 -7
leaf_value=0.071722093294219469 -0.010527770614888465 0.075233632964372424 -0.08403265712243313 -0.14656211871981009 0.14191035677147215 -0.081560648826210058
leaf_weight=6.3033721745014208 5.7844683527946463 6.4319765865802747 5.5027582198381424 5.2892735302448255 5.1774001866579056 4.4520133435726166
leaf_count=32 25 28 23 26 27 20
internal_value=0 0.0516029 0.00180059 -0.0772403 0.103374 -0.116855
internal_weight=0 23.4155 11.9347 15.5258 11.4808 9.74129
internal_count=181 110 51 71 59 46
is_linear=0
shrinkage=0.1


Tree=9
num_leaves=7
num_cat=0
split_feature=2 8 11 4 9 10
split_gain=13.9634 6.5591 3.56127 2.33648 0.476388 0.292327
threshold=1.0000000180025095e-35 1.0000000180025095e-35 1.0000000180025095e-35 258.50000000000006 1.4500000000000002 1.5000000000000002
decision_type=2 2 2 2 2 2
left_child=1 -1 3 5 -3 -2
right_child=2 4 -4 -5 -6 -7
leaf_value=4.8562850591885392e-05 0.1024485136252026 -0.097144638394404112 0.0053092461463687193 0.028571721740285435 -0.14209745325416534 0.14029030530083891
leaf_weight=8.4863514006137848 3.9161129146814364 4.4386210888624191 7.8749084025621405 3.9565899819135657 5.0279762595891953 4.2642423063516617
leaf_count=38 19 20 35 20 26 23
internal_value=0 -0.0637911 0.0576802 0.0916605 -0.12102 0.122175
internal_weight=0 17.9529 20.0119 12.1369 9.4666 8.18036
internal_count=181 84 97 62 46 42
is_linear=0
shrinkage=0.1


Tree=10
num_leaves=8
num_cat=0
split_feature=12 0 1 9 2 9 0
split_gain=11.9901 5.17407 6.35627 3.34158 2.09168 1.02755 0.00858741
threshold=2.5000000000000004 54.500000000000007 1.0000000180025095e-35 0.8500000000000002 1.0000000180025095e-35 1.8500000000000003 48.500000000000007
decision_type=2 2 2 2 2 2 2
left_child=1 4 -3 -2 -1 -5 -6
right_child=3 2 -4 5 6 -7 -8
leaf_value=0.034958565176891575 -0.010051143953899009 0.069243621087229798 -0.078464276937571159 -0.074355111646012176 0.12517017688663087 -0.14195095916533571 0.13216953551509633
leaf_weight=3.6266150325536746 5.6990641355514517 6.2501274645328504 5.4570526033639908 4.5292185693979246 3.7649740427732468 4.466681957244873 3.2798518538475037
leaf_count=16 25 28 23 22 24 24 19
internal_value=0 0.0463004 0.000392731 -0.0699629 0.0966636 -0.107918 0.128429
internal_weight=0 22.3786 11.7072 14.695 10.6714 8.9959 7.04483
internal_count=181 110 51 71 59 46 43
is_linear=0
shrinkage=0.1


Tree=11
num_leaves=7
num_cat=0
split_feature=11 7 9 1 0 3
split_gain=11.2235 6.20193 5.82056 2.42093 0.63515 0.50479
threshold=1.0000000180025095e-35 160.50000000000003 0.55000000000000016 1.0000000180025095e-35 48.500000000000007 131.00000000000003
decision_type=2 2 2 2 2 2
left_child=1 3 -2 -1 -3 -4
right_child=2 4 5 -5 -6 -7
leaf_value=0.064368760274070916 0.0047453731374264979 0.092987143024102437 -0.089093325303329196 -0.031476179589846914 0.14987859443909621 -0.13589329561406518
leaf_weight=4.2663507312536257 7.8247509896755245 3.9612389579415312 4.6031883656978589 6.893767774105072 3.8889298066496849 4.6157308220863342
leaf_count=21 36 23 24 33 21 23
internal_value=0 0.0530682 -0.0586862 0.00516394 0.121171 -0.112525
internal_weight=0 19.0103 17.0437 11.1601 7.85017 9.21892
internal_count=181 98 83 54 44 47
is_linear=0
shrinkage=0.1


Tree=12
num_leaves=7
num_cat=0
split_feature=2 8 4 1 4 9
split_gain=10.168 5.33873 3.00352 3.93362 1.40766 0.755999
threshold=1.0000000180025095e-35 1.0000000180025095e-35 228.50000000000003 1.0000000180025095e-35 251.00000000000003 1.0500000000000003
decision_type=2 2 2 2 2 2
left_child=1 -1 -2 -4 -5 -3
right_child=2 5 3 4 -6 -7
leaf_value=0.0011699312686060759 0.10958506603324528 -0.076188361985255165 0.10071912331147226 0.025657997341210687 -0.056471296181741418 -0.13689491072993532
leaf_weight=8.1707178950309753 5.9522338956594494 3.4703239351511002 4.34066120535135 4.05323526263237 4.3017542958259583 5.017186626791954
leaf_count=38 33 16 24 19 21 30
internal_value=0 -0.0565286 0.0509728 0.0234931 -0.0166281 -0.112074
internal_weight=0 16.6582 18.6479 12.6957 8.35499 8.48751
internal_count=181 84 97 64 40 46
is_linear=0
shrinkage=0.1


Tree=13
num_leaves=7
num_cat=0
split_feature=11 7 2 1 7 0
split_gain=9.18378 5.14306 4.68539 1.9085 0.800516 0.595853
threshold=1.0000000180025095e-35 160.50000000000003 1.0000000180025095e-35 1.0000000180025095e-35 142.50000000000003 48.500000000000007
decision_type=2 2 2 2 2 2
left_child=1 3 4 -1 -2 -3
right_child=2 5 -4 -5 -6 -7
leaf_value=0.059499397020828154 -0.074505226790202786 0.086455564778057284 0.0032471997956850297 -0.027016196754489949 -0.13509584602723068 0.14375118343964366
leaf_weight=4.0965831503272074 4.455333814024927 3.725787788629531 7.597912222146987 6.7528997659683228 4.2706383764743805 3.5393243208527565
leaf_count=21 27 23 35 33 21 21
internal_value=0 0.0492533 -0.0541672 0.00565064 -0.104159 0.114368
internal_weight=0 18.1146 16.3239 10.8495 8.72597 7.26511
internal_count=181 98 83 54 48 44
is_linear=0
shrinkage=0.1


Tree=14
num_leaves=7
num_cat=0
split_feature=9 12 8 11 1 0
split_gain=8.68319 7.66527 2.81712 2.01521 1.89808 1.87723
threshold=2.3500000000000001 2.5000000000000004 1.0000000180025095e-35 1.0000000180025095e-35 1.0000000180025095e-35 51.500000000000007
decision_type=2 2 2 2 2 2
left_child=1 2 4 -3 -1 -6
right_child=-2 3 -4 -5 5 -7
leaf_value=0.12230769176173534 -0.12498824764616659 0.0059059983354438836 -0.013347394022089901 -0.082068253617092191 0.10165715640604592 0.0031380207224745919
leaf_weight=6.3195314109325427 4.7548640370368949 4.4137640446424502 4.0151610672473899 6.3496598154306412 3.587157778441906 4.196991890668869
leaf_count=37 27 20 18 35 24 20
internal_value=0 0.0208477 0.0605539 -0.0459926 0.0815927 0.0485384
internal_weight=0 28.8823 18.1188 10.7634 14.1037 7.78415
internal_count=181 154 99 55 81 44
is_linear=0
shrinkage=0.1


Tree=15
num_leaves=6
num_cat=0
split_feature=9 12 11 11 0
split_gain=7.33697 6.42491 2.49235 1.70788 1.58774
threshold=2.3500000000000001 2.5000000000000004 1.0000000180025095e-35 1.0000000180025095e-35 51.500000000000007
decision_type=2 2 2 2 2
left_child=1 2 4 -3 -1
right_child=-2 3 -4 -5 -6
leaf_value=0.12888711470327557 -0.11721703450105952 0.0053154362504927964 0.0095157063768023607 -0.076162065634657175 0.051429159817320186
leaf_weight=4.8637691959738749 4.5727244615554801 4.4137339890003222 6.8701300621032706 6.1676065996289253 5.804574191570282
leaf_count=35 27 20 33 35 31
internal_value=0 0.0193635 0.0564916 -0.0421758 0.0867428
internal_weight=0 28.1198 17.5385 10.5813 10.6683
internal_count=181 154 99 55 66
is_linear=0
shrinkage=0.1


Tree=16
num_leaves=7
num_cat=0
split_feature=2 8 4 1 4 9
split_gain=6.74608 3.87188 2.80383 2.8355 1.26611 0.694489
threshold=1.0000000180025095e-35 1.0000000180025095e-35 228.50000000000003 1.0000000180025095e-35 251.00000000000003 1.0500000000000003
decision_type=2 2 2 2 2 2
left_child=1 -1 -2 -4 -5 -3
right_child=2 5 3 4 -6 -7
leaf_value=0.0010195559161091596 0.10367353971804334 -0.06638017313374292 0.088271992390576037 0.023481439121879256 -0.055517913815620129 -0.12880746255823225
leaf_weight=7.5076175928115862 5.2690907791256931 3.1699290871620178 3.7214756235480282 3.9458768367767334 4.175532341003418 4.0701431930065155
leaf_count=38 33 16 24 19 21 30
internal_value=0 -0.0492979 0.0429878 0.0159877 -0.0171352 -0.101475
internal_weight=0 14.7477 17.112 11.8429 8.12141 7.24007
internal_count=181 84 97 64 40 46
is_linear=0
shrinkage=0.1


Tree=17
num_leaves=7
num_cat=0
split_feature=11 7 9 2 0 3
split_gain=5.94002 4.00496 3.66361 1.41549 0.649762 0.423902
threshold=1.0000000180025095e-35 160.50000000000003 0.55000000000000016 1.5000000000000002 48.500000000000007 131.00000000000003
decision_type=2 2 2 2 2 2
left_child=1 3 -2 -1 -3 -4
right_child=2 4 5 -5 -6 -7
leaf_value=-0.026010101234786132 0.0055523657103066226 0.073334238878519933 -0.070646404782737607 0.051611157859468106 0.13788032731163211 -0.11787301490312496
leaf_weight=6.3221895918250137 7.1853449046611768 3.1994896382093421 3.8380218967795372 3.7386228963732719 3.0428619459271431 3.7650943025946617
leaf_count=33 36 23 24 21 21 23
internal_value=0 0.0418751 -0.0456471 0.00283415 0.104798 -0.0940332
internal_weight=0 16.3032 14.7885 10.0608 6.24235 7.60312
internal_count=181 98 83 54 44 47
is_linear=0
shrinkage=0.1


Tree=18
num_leaves=7
num_cat=0
split_feature=9 12 1 11 2 7
split_gain=5.56104 4.86893 2.40442 3.9646 1.3153 0.509128
threshold=2.3500000000000001 2.5000000000000004 1.0000000180025095e-35 1.0000000180025095e-35 1.5000000000000002 156.50000000000003
decision_type=2 2 2 2 2 2
left_child=1 2 5 -4 -3 -1
right_child=-2 4 3 -5 -6 -7
leaf_value=0.071707408451060703 -0.10865159319929139 -0.066133638053400778 0.073365529807497554 -0.05634399839670165 0.0089248014320156589 0.12699543748617451
leaf_weight=3.732634998857983 4.0628379657864562 6.2435551658272725 5.5761330164968967 4.0810617208480835 3.7291121631860733 3.0076526924967766
leaf_count=20 27 39 36 20 16 23
internal_value=0 0.0170322 0.0505424 0.0185512 -0.0380668 0.096378
internal_weight=0 26.3701 16.3975 9.65719 9.97267 6.74029
internal_count=181 154 99 56 55 43
is_linear=0
shrinkage=0.1


Tree=19
num_leaves=6
num_cat=0
split_feature=2 9 11 10 8
split_gain=4.88262 4.26788 4.87127 2.53094 1.67483
threshold=1.5000000000000002 0.8500000000000002 1.0000000180025095e-35 1.5000000000000002 1.0000000180025095e-35
decision_type=2 2 2 2 2
left_child=1 2 -1 -2 -3
right_child=3 4 -4 -5 -6
leaf_value=0.081341691774974384 0.011843009003391159 -0.039234276492893093 -0.057967067957549405 0.10764654877665161 -0.12942973091498719
leaf_weight=5.0469611659646088 6.6088454276323301 4.0520328059792501 4.9935929477214813 4.7318739406764507 4.1850951835513115
leaf_count=31 33 24 25 34 34
internal_value=0 -0.0317103 0.0120575 0.0518167 -0.0850605
internal_weight=0 18.2777 10.0406 11.3407 8.23713
internal_count=181 114 56 67 58
is_linear=0
shrinkage=0.1


Tree=20
num_leaves=7
num_cat=0
split_feature=9 12 1 0 9 9
split_gain=4.32618 3.85552 2.15392 3.23924 1.18323 0.278079
threshold=2.3500000000000001 2.5000000000000004 1.0000000180025095e-35 51.500000000000007 0.55000000000000016 0.15000000000000005
decision_type=2 2 2 2 2 2
left_child=1 2 5 -4 -3 -1
right_child=-2 4 3 -5 -6 -7
leaf_value=0.068769283941990653 -0.10015976907638727 0.00091559794897956473 0.08641160361575323 -0.03409883465366844 -0.069453967810823289 0.11087803231309401
leaf_weight=2.9612044282257584 3.7346944808959952 4.7136778235435486 3.7746969908475876 5.4520532786846161 4.845976933836937 3.3339967988431454
leaf_count=21 27 23 29 27 32 22
internal_value=0 0.0152031 0.045972 0.0152024 -0.0347561 0.0910705
internal_weight=0 25.0816 15.522 9.22675 9.55965 6.2952
internal_count=181 154 99 56 55 43
is_linear=0
shrinkage=0.1


Tree=21
num_leaves=6
num_cat=0
split_feature=2 9 11 10 8
split_gain=4.24011 3.30714 3.97376 2.00954 1.56691
threshold=1.5000000000000002 0.8500000000000002 1.0000000180025095e-35 1.5000000000000002 1.0000000180025095e-35
decision_type=2 2 2 2 2
left_child=1 2 -1 -2 -3
right_child=3 4 -4 -5 -6
leaf_value=0.073031687141019333 0.014464033667878965 -0.035748296919274232 -0.055062963422520074 0.10248089073503064 -0.12669307869971325
leaf_weight=4.7854047715663963 6.5624404549598676 3.8964049704372874 4.9032675176858902 4.2894883118569851 3.6872664354741573
leaf_count=31 33 24 25 34 34
internal_value=0 -0.0305079 0.00820523 0.0492548 -0.0799667
internal_weight=0 17.2723 9.68867 10.8519 7.58367
internal_count=181 114 56 67 58
is_linear=0
shrinkage=0.1


Tree=22
num_leaves=7
num_cat=0
split_feature=11 7 9 1 4 3
split_gain=3.55452 2.94676 2.621 1.16107 0.935805 0.430572
threshold=1.0000000180025095e-35 160.50000000000003 0.55000000000000016 1.0000000180025095e-35 233.50000000000003 131.00000000000003
decision_type=2 2 2 2 2 2
left_child=1 3 -2 -1 -3 -4
right_child=2 4 5 -5 -6 -7
leaf_value=0.047799980390755531 0.0060721324182938614 0.045572326081125249 -0.058174208776826566 -0.026701987146085956 0.13117298237929631 -0.11022178213857869
leaf_weight=3.2795596309006232 6.7490891069173795 2.2289779447019091 3.2818630896508694 5.7758766263723373 2.9906366467475891 3.0821783505380154
leaf_count=21 36 19 24 33 25 23
internal_value=0 0.0347744 -0.0373413 0.000279998 0.0946182 -0.0833814
internal_weight=0 14.2751 13.1131 9.05544 5.21961 6.36404
internal_count=181 98 83 54 44 47
is_linear=0
shrinkage=0.1


Tree=23
num_leaves=7
num_cat=0
split_feature=2 9 11 7 8 10
split_gain=3.65056 2.61374 3.09102 1.81671 1.51101 1.34144
threshold=1.5000000000000002 0.8500000000000002 1.0000000180025095e-35 145.50000000000003 1.0000000180025095e-35 1.5000000000000002
decision_type=2 2 2 2 2 2
left_child=1 2 -1 -2 -3 -5
right_child=3 4 -4 5 -6 -7
leaf_value=0.064837719737789137 -0.016628531204203194 -0.031770373841372324 -0.049953721422041762 0.036058501164551372 -0.12455056753061221 0.12270837243313233
leaf_weight=4.5345034636557155 3.166155528277157 3.7588534392416468 4.8597856909036636 4.0628376379609108 3.2932044677436352 3.1890022419393063
leaf_count=31 17 24 25 22 34 28
internal_value=0 -0.0290854 0.00545464 0.0465702 -0.0750973 0.0741628
internal_weight=0 16.4463 9.39429 10.418 7.05206 7.25184
internal_count=181 114 56 67 58 50
is_linear=0
shrinkage=0.1


Tree=24
num_leaves=6
num_cat=0
split_feature=2 9 11 10 12
split_gain=3.05637 2.23138 2.55666 1.60982 1.49072
threshold=1.5000000000000002 0.8500000000000002 1.0000000180025095e-35 1.5000000000000002 2.5000000000000004
decision_type=2 2 2 2 2
left_child=1 2 -1 -2 -3
right_child=3 4 -4 -5 -6
leaf_value=0.060031070270304257 0.012802798895529511 -0.027493339606921297 -0.045258930422765568 0.095401833600839731 -0.12158997202942437
leaf_weight=4.414299909025436 6.4128728881478292 3.684269454330205 4.8291751444339752 3.7331016212701797 3.1005124896764755
leaf_count=31 33 21 25 34 37
internal_value=0 -0.0269432 0.0050232 0.0431942 -0.0704937
internal_weight=0 16.0283 9.24348 10.146 6.78478
internal_count=181 114 56 67 58
is_linear=0
shrinkage=0.1


Tree=25
num_leaves=7
num_cat=0
split_feature=9 1 4 2 3 7
split_gain=2.80531 2.78719 2.84302 2.95028 1.5642 1.3178
threshold=2.3500000000000001 1.0000000180025095e-35 263.50000000000006 1.5000000000000002 124.50000000000001 156.50000000000003
decision_type=2 2 2 2 2 2
left_child=1 5 3 4 -3 -1
right_child=-2 2 -4 -5 -6 -7
leaf_value=0.030941022058753043 -0.089784016708283398 -0.077715415210680927 -0.088788039361434368 0.070876615368570303 0.014737956078300203 0.12320980424005007
leaf_weight=3.8553146533668103 3.049615215510129 3.4005740061402339 3.554850246757268 5.1200985126197338 3.9622130021452904 2.5862611867487431
leaf_count=24 27 21 26 33 25 25
internal_value=0 0.0124259 -0.00989011 0.0125783 -0.0279625 0.0679865
internal_weight=0 22.4793 16.0377 12.4829 7.36279 6.44158
internal_count=181 154 105 79 46 49
is_linear=0
shrinkage=0.1


Tree=26
num_leaves=8
num_cat=0
split_feature=12 0 1 0 4 2 0
split_gain=2.63197 2.28232 2.63141 2.26693 1.6371 1.61876 0.0113198
threshold=2.5000000000000004 54.500000000000007 1.0000000180025095e-35 50.500000000000007 234.50000000000003 1.0000000180025095e-35 50.500000000000007
decision_type=2 2 2 2 2 2 2
left_child=1 5 -3 -2 -5 -1 -7
right_child=3 2 -4 4 -6 6 -8
leaf_value=0.01300604032191049 -0.11883902484416625 0.048633391871229344 -0.058265161534373611 0.041472237648907395 -0.056083158512382818 0.11087419977053879 0.12211985633032155
leaf_weight=2.6420040652155885 2.6868951767683029 4.5176082216203195 4.6968430504202843 3.222946435213089 3.689198937267065 1.9376234319061043 1.6636068224906919
leaf_count=16 17 28 23 24 30 27 16
internal_value=0 0.0257735 -0.00585555 -0.0408944 -0.0105957 0.0724551 0.116069
internal_weight=0 15.4577 9.21445 9.59904 6.91215 6.24323 3.60123
internal_count=181 110 51 71 54 59 43
is_linear=0
shrinkage=0.1


Tree=27
num_leaves=8
num_cat=0
split_feature=11 7 9 0 4 9 3
split_gain=2.58609 2.11567 1.94513 1.73443 0.99423 0.583945 0.457508
threshold=1.0000000180025095e-35 160.50000000000003 0.55000000000000016 60.500000000000007 233.50000000000003 0.8500000000000002 131.00000000000003
decision_type=2 2 2 2 2 2 2
left_child=1 3 -2 5 -3 -1 -4
right_child=2 4 6 -5 -6 -7 -8
leaf_value=0.0018828631856905378 0.0044744603985029142 0.032637793977311078 -0.049828630416448465 0.062196664420561869 0.12833470963219579 -0.064311576502726883 -0.10769675997419166
leaf_weight=2.5639961659908312 6.2555776536464673 1.9030710831284512 2.8971501104533672 3.0304911881685257 2.5275631509721279 2.7751054167747498 2.5854424014687538
leaf_count=19 36 19 24 14 25 21 23
internal_value=0 0.0313533 -0.0336351 0.00177341 0.0872304 -0.032523 -0.0771177
internal_weight=0 12.8002 11.7382 8.36959 4.43063 5.3391 5.48259
internal_count=181 98 83 54 44 40 47
is_linear=0
shrinkage=0.1


Tree=28
num_leaves=8
num_cat=0
split_feature=2 0 11 7 7 3 3
split_gain=2.2793 2.31627 2.04621 1.92279 1.3144 1.09694 0.3484
threshold=1.5000000000000002 63.500000000000007 1.0000000180025095e-35 160.50000000000003 145.50000000000003 135.50000000000003 128.50000000000003
decision_type=2 2 2 2 2 2 2
left_child=1 2 3 -1 -2 -6 -4
right_child=4 -3 6 -5 5 -7 -8
leaf_value=-0.052594040617009979 -0.015548317542643323 0.048771231058844594 -0.066331665510766372 0.058447775967443799 0.10964509835475317 0.026165591826763215 -0.12012788285889585
leaf_weight=4.0010825954377669 3.0032344460487348 3.3592147603631011 2.2549189627170563 2.5553246363997459 2.9287759084254503 3.4030356407165527 2.5827109608799219
leaf_count=28 17 19 19 24 27 23 24
internal_value=0 -0.0242031 -0.0457176 -0.00931609 0.0389364 0.064779 -0.0950524
internal_weight=0 14.7533 11.394 6.55641 9.33505 6.33181 4.83763
internal_count=181 114 95 52 67 50 43
is_linear=0
shrinkage=0.1


Tree=29
num_leaves=7
num_cat=0
split_feature=12 0 1 0 11 3
split_gain=2.13882 1.85272 2.44201 1.43178 1.1821 0.697677
threshold=2.5000000000000004 51.500000000000007 1.0000000180025095e-35 51.500000000000007 1.0000000180025095e-35 123.50000000000001
decision_type=2 2 2 2 2 2
left_child=1 5 -3 -2 -5 -1
right_child=3 2 -4 4 -6 -7
leaf_value=0.035332505086788028 -0.099001548569659842 0.053844993526689006 -0.042943099071727962 0.042134663508867388 -0.046371201491897107 0.1179438448238896
leaf_weight=1.8633470796048648 2.696721825748682 4.827182883396743 5.6671527214348316 2.4653111360967159 3.890605915337801 2.2648738697171211
leaf_count=19 19 33 31 15 37 27
internal_value=0 0.0239027 0.00157747 -0.0379466 -0.0120419 0.0806557
internal_weight=0 14.6226 10.4943 9.05264 6.35592 4.12822
internal_count=181 110 64 71 52 46
is_linear=0
shrinkage=0.1


Tree=30
num_leaves=8
num_cat=0
split_feature=9 12 8 0 1 7 9
split_gain=2.14323 1.8347 1.63292 1.39356 1.34573 1.15887 1.97036e-05
threshold=2.3500000000000001 2.5000000000000004 1.0000000180025095e-35 51.500000000000007 1.0000000180025095e-35 157.50000000000003 0.45000000000000007
decision_type=2 2 2 2 2 2 2
left_child=1 2 4 -3 -1 -6 -5
right_child=-2 3 -4 6 5 -7 -8
leaf_value=0.10143118991762522 -0.085630771589108035 -0.089397856092318734 -0.026849471808999183 0.0010238555176264907 0.074494598123437353 -0.016952261791538865 0.0014001920893777003
leaf_weight=3.8281000871211308 2.581252619624137 2.4423151314258575 3.2086499519646177 2.7822865694761276 2.5337028577923775 3.0587401166558266 2.7825481705367565
leaf_count=37 27 15 18 14 15 29 26
internal_value=0 0.0110213 0.0347633 -0.0264255 0.0557487 0.0244785 0.00121203
internal_weight=0 20.6363 12.6292 8.00715 9.42054 5.59244 5.56483
internal_count=181 154 99 55 81 44 40
is_linear=0
shrinkage=0.1


Tree=31
num_leaves=8
num_cat=0
split_feature=2 0 11 7 5 12 3
split_gain=1.95607 1.85933 1.64243 1.70816 1.35863 1.38094 0.334801
threshold=1.5000000000000002 63.500000000000007 1.0000000180025095e-35 160.50000000000003 1.0000000180025095e-35 2.5000000000000004 128.50000000000003
decision_type=2 2 2 2 2 2 2
left_child=1 2 3 -1 5 -2 -4
right_child=4 -3 6 -5 -6 -7 -8
leaf_value=-0.051557670475748107 0.054261911158508251 0.042847072178042865 -0.060839783402210773 0.056298871568097354 0.096040548358591105 -0.04081066209816319 -0.11563496663458417
leaf_weight=3.808674633502962 3.3621888291090709 3.2748108580708495 2.1318131126463413 2.3896609358489513 2.7080897428095341 2.8002397865056992 2.3379709832370281
leaf_count=28 37 19 19 24 17 13 24
internal_value=0 -0.023063 -0.0432955 -0.00997545 0.0370041 0.0110604 -0.089501
internal_weight=0 13.9429 10.6681 6.19834 8.87052 6.16243 4.46978
internal_count=181 114 95 52 67 50 43
is_linear=0
shrinkage=0.1


Tree=32
num_leaves=7
num_cat=0
split_feature=9 1 4 11 3 3
split_gain=1.77338 1.50361 2.24089 2.28727 1.2309 0.557911
threshold=2.3500000000000001 1.0000000180025095e-35 263.50000000000006 1.0000000180025095e-35 128.50000000000003 131.00000000000003
decision_type=2 2 2 2 2 2
left_child=1 5 3 4 -3 -1
right_child=-2 2 -4 -5 -6 -7
leaf_value=0.081158653967494526 -0.080905884477817824 0.014950621464427223 -0.082862641505751566 -0.03316850163716778 0.10643607119148973 0.016800088917962148
leaf_weight=3.2300308216363236 2.4024953953921786 3.2410830240696651 3.0643823351711044 5.4732388146221638 2.6923937406390905 2.3104200102388859
leaf_count=29 27 23 26 35 21 20
internal_value=0 0.0100203 -0.00694059 0.0134557 0.0564634 0.0543205
internal_weight=0 20.0115 14.4711 11.4067 5.93348 5.54045
internal_count=181 154 105 79 44 49
is_linear=0
shrinkage=0.1


Tree=33
num_leaves=7
num_cat=0
split_feature=2 0 9 11 4 8
split_gain=1.7046 1.47476 1.30189 1.42061 1.18583 0.616907
threshold=1.5000000000000002 63.500000000000007 0.8500000000000002 1.0000000180025095e-35 251.00000000000003 1.0000000180025095e-35
decision_type=2 2 2 2 2 2
left_child=1 2 3 -1 -2 -4
right_child=4 -3 5 -5 -6 -7
leaf_value=0.031559340829717078 0.066931404639473377 0.037031756953576037 -0.045068463608947666 -0.065680697843046171 -0.0083156848297847256 -0.12266664539988098
leaf_weight=3.4076688569039124 4.9493359699845296 3.2180658243596545 2.0315822139382362 2.687105119228363 3.6306005772203207 2.0667654816061258
leaf_count=29 38 19 18 16 29 32
internal_value=0 -0.0219861 -0.0406186 -0.0113125 0.0350906 -0.0842006
internal_weight=0 13.4112 10.1931 6.09477 8.57994 4.09835
internal_count=181 114 95 45 67 50
is_linear=0
shrinkage=0.1


Tree=34
num_leaves=7
num_cat=0
split_feature=9 1 4 2 7 4
split_gain=1.46437 1.32336 1.66533 1.92383 1.64968 0.580487
threshold=2.3500000000000001 1.0000000180025095e-35 263.50000000000006 1.5000000000000002 154.50000000000003 263.50000000000006
decision_type=2 2 2 2 2 2
left_child=1 5 3 4 -3 -1
right_child=-2 2 -4 -5 -6 -7
leaf_value=0.017181942571965047 -0.076544148092135916 0.032128217178921607 -0.0735052992433428 0.061534245956175293 -0.068516649410081856 0.082895790359425056
leaf_weight=2.5975993387401148 2.228621305897831 2.9436881691217405 2.9778583105653533 4.4529542662203312 3.6454984471201897 2.7859749831259251
leaf_count=24 27 21 26 33 25 25
internal_value=0 0.00904454 -0.00713845 0.0107594 -0.023554 0.0511886
internal_weight=0 19.4036 14.02 11.0421 6.58919 5.38357
internal_count=181 154 105 79 46 49
is_linear=0
shrinkage=0.1


Tree=35
num_leaves=7
num_cat=0
split_feature=11 7 9 4 4 3
split_gain=1.38337 1.54459 1.48348 1.08409 0.758929 0.387749
threshold=1.0000000180025095e-35 160.50000000000003 0.55000000000000016 243.50000000000003 239.50000000000003 131.00000000000003
decision_type=2 2 2 2 2 2
left_child=1 3 -2 -1 -3 -4
right_child=2 4 5 -5 -6 -7
leaf_value=0.030994963244158021 0.0075977052339302222 0.031344544111604783 -0.0427327130899533 -0.046418455606224623 0.12219063940198971 -0.10164995674153812
leaf_weight=4.2954501770436782 5.6971524432301504 1.8047210276126864 2.4923960641026497 3.125076662749052 1.8749294225126503 2.0242540128529072
leaf_count=32 36 20 24 22 24 23
internal_value=0 0.0246611 -0.0263356 -0.00160688 0.0776343 -0.069138
internal_weight=0 11.1002 10.2138 7.42053 3.67965 4.51665
internal_count=181 98 83 54 44 47
is_linear=0
shrinkage=0.1


Tree=36
num_leaves=8
num_cat=0
split_feature=2 3 3 5 0 6 7
split_gain=1.32562 1.30203 1.84539 1.00021 1.2657 0.563348 0.088309
threshold=1.5000000000000002 141.00000000000003 124.50000000000001 1.0000000180025095e-35 56.500000000000007 1.0000000180025095e-35 143.50000000000003
decision_type=2 2 2 2 2 2 2
left_child=1 2 6 4 -2 -4 -1
right_child=3 -3 5 -5 -6 -7 -8
leaf_value=-0.031235728369473033 0.055649816231834397 -0.080126974425332786 0.0092867419931251579 0.085215031160959409 -0.037972193074103669 0.078677898519602288 -0.057129322106859851
leaf_weight=2.7756123188883084 2.8902389835566265 2.8042742162942877 2.4309610743075609 2.4417396299540997 2.8858751524239779 2.2554245982319117 2.5065146777778864
leaf_count=23 32 24 24 17 18 23 20
internal_value=0 -0.0199302 -0.00299603 0.031557 0.00887418 0.0426827 -0.043523
internal_weight=0 12.7728 9.96851 8.21785 5.77611 4.68639 5.28213
internal_count=181 114 90 67 50 47 43
is_linear=0
shrinkage=0.1


Tree=37
num_leaves=7
num_cat=0
split_feature=1 0 0 7 0 7
split_gain=1.33396 1.78198 3.18179 1.32243 2.10913 1.46979
threshold=1.0000000180025095e-35 63.500000000000007 57.500000000000007 168.50000000000003 60.500000000000007 142.50000000000003
decision_type=2 2 2 2 2 2
left_child=1 2 -1 4 5 -2
right_child=3 -3 -4 -5 -6 -7
leaf_value=0.097861134407862038 -0.12612465475821055 0.11564817031770463 -0.086808222197468587 0.040407284476594828 0.029396702264266966 -0.032269817451776886
leaf_weight=1.757835565134884 2.4046761002391559 2.0592226460576057 1.9883548039942978 3.2966706100851306 3.8440729454159737 5.450689516030252
leaf_count=25 30 14 17 31 25 39
internal_value=0 0.040921 -0.000155295 -0.0155353 -0.0312988 -0.0610006
internal_weight=0 5.80541 3.74619 14.9961 11.6994 7.85537
internal_count=181 56 42 125 94 69
is_linear=0
shrinkage=0.1


Tree=38
num_leaves=8
num_cat=0
split_feature=11 8 6 4 7 4 4
split_gain=1.22286 1.30878 1.18295 0.871939 0.963089 0.608785 0.493033
threshold=1.0000000180025095e-35 1.0000000180025095e-35 1.0000000180025095e-35 258.50000000000006 154.50000000000003 231.50000000000003 263.50000000000006
decision_type=2 2 2 2 2 2 2
left_child=1 3 6 4 -1 -4 -2
right_child=2 -3 5 -5 -6 -7 -8
leaf_value=0.10385460030076998 -0.090121589895150858 -0.046452725659434972 0.046185593654407622 -0.0057674070639689989 0.022571809560575227 -0.02441963964401677 -0.027051908183743006
leaf_weight=2.8971175253391284 2.5584305692464095 2.1285222526639691 2.3655546717345715 2.7014634655788541 2.9339319709688425 2.5244456892833114 2.4042282206937671
leaf_count=21 21 20 18 24 33 24 20
internal_value=0 0.0236982 -0.0251709 0.041198 0.0629566 0.00973589 -0.0595666
internal_weight=0 10.661 9.85266 8.53251 5.83105 4.89 4.96266
internal_count=181 98 83 78 54 42 41
is_linear=0
shrinkage=0.1


Tree=39
num_leaves=6
num_cat=0
split_feature=2 9 9 8 10
split_gain=1.13524 1.10547 1.90479 1.02996 0.895097
threshold=1.5000000000000002 0.8500000000000002 1.0000000180025095e-35 1.0000000180025095e-35 1.5000000000000002
decision_type=2 2 2 2 2
left_child=1 2 -1 -3 -2
right_child=4 3 -4 -5 -6
leaf_value=-0.035005015564244686 0.0070315317227609281 -0.020227033119092477 0.066706628423349179 -0.11772130759563559 0.079433614842602557
leaf_weight=4.7729313122108596 5.4417079947888842 2.8182588275521994 2.9975647032260895 1.7604508651420472 2.4883300447836518
leaf_count=36 33 24 20 34 34
internal_value=0 -0.0187354 0.00423151 -0.0577122 0.0297502
internal_weight=0 12.3492 7.7705 4.57871 7.93004
internal_count=181 114 56 58 67
is_linear=0
shrinkage=0.1


end of trees

feature_importances:
age=35
oldpeak=34
cp=26
caa=25
thalachh=22
chol=19
sex=18
trtbps=17
thall=17
exng=15
slp=9
restecg=4
fbs=2

parameters:
[boosting: gbdt]
[objective: binary]
[metric: binary_logloss]
[tree_learner: serial]
[device_type: cpu]
[data_sample_strategy: bagging]
[data: ]
[valid: ]
[num_iterations: 200]
[learning_rate: 0.1]
[num_leaves: 31]
[num_threads: 12]
[seed: 0]
[deterministic: 0]
[force_col_wise: 0]
[force_row_wise: 0]
[histogram_pool_size: -1]
[max_depth: -1]
[min_data_in_leaf: 20]
[min_sum_hessian_in_leaf: 0.001]
[bagging_fraction: 1]
[pos_bagging_fraction: 1]
[neg_bagging_fraction: 1]
[bagging_freq: 0]
[bagging_seed: 3]
[feature_fraction: 1]
[feature_fraction_bynode: 1]
[feature_fraction_seed: 2]
[extra_trees: 0]
[extra_seed: 6]
[early_stopping_round: 0]
[first_metric_only: 0]
[max_delta_step: 0]
[lambda_l1: 0]
[lambda_l2: 0]
[linear_lambda: 0]
[min_gain_to_split: 0]
[drop_rate: 0.1]
[max_drop: 50]
[skip_drop: 0.5]
[xgboost_dart_mode: 0]
[uniform_drop: 0]
[drop_seed: 4]
[top_rate: 0.2]
[other_rate: 0.1]
[min_data_per_group: 100]
[max_cat_threshold: 32]
[cat_l2: 10]
[cat_smooth: 10]
[max_cat_to_onehot: 4]
[top_k: 20]
[monotone_constraints: ]
[monotone_constraints_method: basic]
[monotone_penalty: 0]
[feature_contri: ]
[forcedsplits_filename: ]
[refit_decay_rate: 0.9]
[cegb_tradeoff: 1]
[cegb_penalty_split: 0]
[cegb_penalty_feature_lazy: ]
[cegb_penalty_feature_coupled: ]
[path_smooth: 0]
[interaction_constraints: ]
[verbosity: -100]
[saved_feature_importance_type: 0]
[use_quantized_grad: 0]
[num_grad_quant_bins: 4]
[quant_train_renew_leaf: 0]
[stochastic_rounding: 1]
[linear_tree: 0]
[max_bin: 255]
[max_bin_by_feature: ]
[min_data_in_bin: 3]
[bin_construct_sample_cnt: 200000]
[data_random_seed: 1]
[is_enable_sparse: 1]
[enable_bundle: 1]
[use_missing: 1]
[zero_as_missing: 0]
[feature_pre_filter: 1]
[pre_partition: 0]
[two_round: 0]
[header: 0]
[label_column: ]
[weight_column: ]
[group_column: ]
[ignore_column: ]
[categorical_feature: ]
[forcedbins_filename: ]
[precise_float_parser: 0]
[parser_config_file: ]
[objective_seed: 5]
[num_class: 1]
[is_unbalance: 0]
[scale_pos_weight: 1]
[sigmoid: 1]
[boost_from_average: 1]
[reg_sqrt: 0]
[alpha: 0.9]
[fair_c: 1]
[poisson_max_delta_step: 0.7]
[tweedie_variance_power: 1.5]
[lambdarank_truncation_level: 30]
[lambdarank_norm: 1]
[label_gain: ]
[lambdarank_position_bias_regularization: 0]
[eval_at: ]
[multi_error_top_k: 1]
[auc_mu_weights: ]
[num_machines: 1]
[local_listen_port: 12400]
[time_out: 120]
[machine_list_filename: ]
[machines: ]
[gpu_platform_id: -1]
[gpu_device_id: -1]
[gpu_use_dp: 0]
[num_gpu: 1]

end of parameters

pandas_categorical:[]
